    0 ns 1 0 0 00 00 0 
  100 ns 0 0 0 00 00 0 
   10 ns 0 1 0 2D 02 0      -- Write 0x2D = 0x02
   10 ns 0 0 0 00 00 0
25010 ns 0 1 1 00 00 1 1 00
   10 ns 0 0 0 00 00 0 
25010 ns 0 1 1 01 00 1 1 AD
   10 ns 0 0 0 00 00 0
25010 ns 0 1 1 02 00 1 1 1D
   10 ns 0 0 0 00 00 0
25010 ns 0 1 1 03 00 1 1 F2
   10 ns 0 0 0 00 00 0
25010 ns 0 1 1 08 00 1 1 01
   10 ns 0 0 0 00 00 0
25010 ns 0 1 1 09 00 1 1 12
   10 ns 0 0 0 00 00 0
25010 ns 0 1 1 0A 00 1 1 34
   10 ns 0 0 0 00 00 0
25010 ns 0 0 1 00 00 1 1 AB
 1000 us 0 0 0 00 00 0 
